[me.jpg]
filters=PencilSketch=1,4.026316,147.368423,16.959064;
moddate=43c32f1874e0d001
width=280
height=361
textactive=0
